 1.193000000000000000e+04 1.956906729634002318e+02 -5.650000000000000000e+01
1.223000000000000000e+04 1.868358913813459310e+02 -5.650000000000000000e+01
1.252000000000000000e+04 1.782762691853600927e+02 -5.650000000000000000e+01
1.282000000000000000e+04 1.701637666325486293e+02 -5.650000000000000000e+01
1.313000000000000000e+04 1.622313203684749112e+02 -5.650000000000000000e+01
1.343000000000000000e+04 1.545547594677584584e+02 -5.650000000000000000e+01
1.373000000000000000e+04 1.473638720829732165e+02 -5.650000000000000000e+01
1.402000000000000000e+04 1.410976663785652647e+02 -5.650000000000000000e+01
1.432000000000000000e+04 1.346153846153846132e+02 -5.650000000000000000e+01
1.463000000000000000e+04 1.279170267934312903e+02 -5.650000000000000000e+01
1.493000000000000000e+04 1.220848056537102480e+02 -5.650000000000000000e+01
1.523000000000000000e+04 1.167844522968197936e+02 -5.650000000000000000e+01
1.552000000000000000e+04 1.116607773851590082e+02 -5.650000000000000000e+01
1.582000000000000000e+04 1.063604240282685538e+02 -5.650000000000000000e+01
1.613000000000000000e+04 1.008833922261484020e+02 -5.650000000000000000e+01
1.642000000000000000e+04 9.640718562874251063e+01 -5.650000000000000000e+01
1.673000000000000000e+04 9.176646706586826951e+01 -5.650000000000000000e+01
1.702000000000000000e+04 8.769745649263721532e+01 -5.650000000000000000e+01
1.733000000000000000e+04 8.354752342704149726e+01 -5.650000000000000000e+01
1.763000000000000000e+04 7.958677685950412695e+01 -5.650000000000000000e+01
1.792000000000000000e+04 7.616292798110980300e+01 -5.650000000000000000e+01
1.823000000000000000e+04 7.250295159386068633e+01 -5.650000000000000000e+01
1.852000000000000000e+04 6.920163766632548175e+01 -5.650000000000000000e+01
1.883000000000000000e+04 6.602865916069600871e+01 -5.650000000000000000e+01
1.913000000000000000e+04 6.295803480040941480e+01 -5.650000000000000000e+01
1.942000000000000000e+04 5.999135695764909570e+01 -5.649948141745894503e+01
1.973000000000000000e+04 5.731201382886776230e+01 -5.633872082973206830e+01
2.002000000000000000e+04 5.480553154710457875e+01 -5.618833189282627671e+01
2.033000000000000000e+04 5.212618841832325245e+01 -5.602757130509939287e+01
2.063000000000000000e+04 4.962078651685393282e+01 -5.584691011235955216e+01
2.092000000000000000e+04 4.758426966292135063e+01 -5.556179775280898525e+01
2.123000000000000000e+04 4.540730337078651502e+01 -5.525702247191011196e+01
2.152000000000000000e+04 4.337078651685393282e+01 -5.497191011235955216e+01
2.183000000000000000e+04 4.119382022471910432e+01 -5.466713483146067176e+01
2.213000000000000000e+04 3.929691725256895296e+01 -5.437344510546240883e+01
2.242000000000000000e+04 3.772850189291509082e+01 -5.409113034072471748e+01
2.272000000000000000e+04 3.610600324499729652e+01 -5.379908058409951366e+01
2.301000000000000000e+04 3.453758788534342727e+01 -5.351676581936182231e+01
2.332000000000000000e+04 3.286100594916170792e+01 -5.321498107084910600e+01
2.361000000000000000e+04 3.129259058950784222e+01 -5.293266630611141466e+01
2.392000000000000000e+04 2.973024316109422571e+01 -5.262716565349544595e+01
2.422000000000000000e+04 2.859042553191489233e+01 -5.231941489361702224e+01
2.451000000000000000e+04 2.748860182370820837e+01 -5.202192249240121669e+01
2.482000000000000000e+04 2.631079027355622912e+01 -5.170391337386018193e+01
2.511000000000000000e+04 2.520896656534954516e+01 -5.140642097264437638e+01
2.542000000000000000e+04 2.403115501519756947e+01 -5.108841185410334162e+01
2.572000000000000000e+04 2.289133738601823609e+01 -5.078066109422492502e+01
2.601000000000000000e+04 2.178951367781154858e+01 -5.048316869300911947e+01
2.632000000000000000e+04 2.061170212765957643e+01 -5.016515957446808471e+01
2.661000000000000000e+04 1.971797114123305761e+01 -4.987026672496720892e+01
2.692000000000000000e+04 1.904022737210319249e+01 -4.955850459116746975e+01
2.722000000000000000e+04 1.838434630520332291e+01 -4.925679930039353138e+01
2.751000000000000000e+04 1.775032794053344887e+01 -4.896515085264538669e+01
2.782000000000000000e+04 1.707258417140358731e+01 -4.865338871884564753e+01
2.811000000000000000e+04 1.643856580673371326e+01 -4.836174027109750995e+01
2.842000000000000000e+04 1.576082203760384814e+01 -4.804997813729777079e+01
2.872000000000000000e+04 1.510494097070397856e+01 -4.774827284652383241e+01
2.901000000000000000e+04 1.447092260603410629e+01 -4.745662439877568772e+01
2.932000000000000000e+04 1.379317883690424296e+01 -4.714486226497594856e+01
2.961000000000000000e+04 1.315916047223436891e+01 -4.685321381722781098e+01
2.992000000000000000e+04 1.248141670310450380e+01 -4.654145168342807182e+01
3.022000000000000000e+04 1.182553563620463599e+01 -4.623974639265413344e+01
3.051000000000000000e+04 1.119151727153476195e+01 -4.594809794490598875e+01
3.082000000000000000e+04 1.051377350240489861e+01 -4.563633581110624959e+01
3.111000000000000000e+04 9.921763869132290026e+00 -4.534523470839260284e+01
3.142000000000000000e+04 9.480796586059744513e+00 -4.503655761024182169e+01
3.172000000000000000e+04 9.054054054054054390e+00 -4.473783783783783718e+01
3.201000000000000000e+04 8.681012658227848178e+00 -4.415772151898734421e+01
3.231000000000000000e+04 8.301265822784809956e+00 -4.351215189873417444e+01
3.262000000000000000e+04 7.920441988950276624e+00 -4.279314917127071993e+01
3.292000000000000000e+04 7.588950276243093818e+00 -4.193127071823204233e+01
3.322000000000000000e+04 7.257458563535911900e+00 -4.106939226519337183e+01
3.351000000000000000e+04 6.946022727272727515e+00 -4.024346590909090793e+01
3.381000000000000000e+04 6.661931818181818343e+00 -3.941960227272727479e+01
3.412000000000000000e+04 6.368371212121211933e+00 -3.856827651515151700e+01
3.442000000000000000e+04 6.084280303030302761e+00 -3.774441287878787676e+01
3.472000000000000000e+04 5.833596214511040934e+00 -3.690094637223974416e+01
3.501000000000000000e+04 5.604889589905362790e+00 -3.607760252365930853e+01
3.531000000000000000e+04 5.368296529968453967e+00 -3.522586750788643428e+01
3.562000000000000000e+04 5.123817034700315354e+00 -3.434574132492113563e+01
3.592000000000000000e+04 4.909263959390862908e+00 -3.350076142131979395e+01
3.622000000000000000e+04 4.718908629441624036e+00 -3.266319796954314825e+01
3.651000000000000000e+04 4.534898477157360830e+00 -3.185355329949238623e+01
3.681000000000000000e+04 4.344543147208121958e+00 -3.101598984771573697e+01
3.710000000000000000e+04 4.160532994923857864e+00 -3.020634517766497495e+01
3.740000000000000000e+04 3.977360308285163626e+00 -2.936868978805394903e+01
3.771000000000000000e+04 3.828034682080924789e+00 -2.850260115606936395e+01
3.801000000000000000e+04 3.683526011560693814e+00 -2.766445086705202172e+01
3.831000000000000000e+04 3.539017341040462394e+00 -2.682630057803468304e+01
3.860000000000000000e+04 3.399325626204238837e+00 -2.601608863198458721e+01
3.890000000000000000e+04 3.254816955684007862e+00 -2.517793834296724498e+01
3.921000000000000000e+04 3.105491329479768581e+00 -2.431184971098265990e+01
3.951000000000000000e+04 2.973098638326137522e+00 -2.347402856193955500e+01
3.981000000000000000e+04 2.873463965459980063e+00 -2.263709730986383306e+01
4.010000000000000000e+04 2.777150448356028090e+00 -2.182806376619063471e+01
4.040000000000000000e+04 2.677515775489870631e+00 -2.099113251411491277e+01
4.071000000000000000e+04 2.574559946861507687e+00 -2.012630355363666723e+01
4.101000000000000000e+04 2.474925273995350228e+00 -1.928937230156094529e+01
4.131000000000000000e+04 2.375290601129192769e+00 -1.845244104948522335e+01
4.160000000000000000e+04 2.278977084025240796e+00 -1.764340750581202144e+01
4.190000000000000000e+04 2.179342411159083337e+00 -1.680647625373629950e+01
4.221000000000000000e+04 2.076386582530720837e+00 -1.594164729325805396e+01
4.251000000000000000e+04 1.986988847583643025e+00 -1.513345724907063250e+01
4.281000000000000000e+04 1.931226765799256562e+00 -1.441970260223048328e+01
4.310000000000000000e+04 1.877323420074349380e+00 -1.372973977695167314e+01
4.340000000000000000e+04 1.821561338289962917e+00 -1.301598513011152392e+01
4.371000000000000000e+04 1.763940520446096727e+00 -1.227843866171003739e+01
4.401000000000000000e+04 1.708178438661710041e+00 -1.156468401486988995e+01
4.431000000000000000e+04 1.652416356877323356e+00 -1.085092936802974073e+01
4.460000000000000000e+04 1.598513011152416396e+00 -1.016096654275093059e+01
4.490000000000000000e+04 1.542750929368029711e+00 -9.447211895910781365e+00
4.521000000000000000e+04 1.485130111524163521e+00 -8.709665427509293067e+00
4.551000000000000000e+04 1.429368029739777057e+00 -7.995910780669145623e+00
4.581000000000000000e+04 1.373605947955390372e+00 -7.282156133828996403e+00
4.610000000000000000e+04 1.319702602230483190e+00 -6.592193308550186259e+00
4.640000000000000000e+04 1.263940520446096727e+00 -5.878438661710037039e+00
4.671000000000000000e+04 1.206319702602230537e+00 -5.140892193308550517e+00
4.701000000000000000e+04 1.150557620817843851e+00 -4.427137546468401297e+00
4.731000000000000000e+04 1.094795539033457388e+00 -3.713382899628253853e+00
4.760000000000000000e+04 1.040892193308550207e+00 -3.023420074349443709e+00
